,Adar,B2m,Batf2,Bst2,C1s1,Casp1,Casp8,Ccrl2,Cd47,Cd74,Cmpk2,Cmtr1,Cnp,Csf1,Cxcl10,Cxcl11,Ddx60,Dhx58,Eif2ak2,Elf1,Epsti1,Gbp3,Gmpr,Helz2,Herc6,Ifi27,Ifi30,Ifi35,Ifi44,Ifi44l,Ifih1,Ifit2,Ifit3,Ifitm1,Ifitm2,Ifitm3,Il15,Il4ra,Il7,Irf1,Irf2,Irf7,Irf9,Isg15,Isg20,Lamp3,Lap3,Lgals3bp,Lpar6,Ly6e,Mov10,Mvb12a,Mx2,Ncoa7,Nmi,Nub1,Oas1a,Oasl1,Ogfr,Parp12,Parp14,Parp9,Plscr1,Pnpt1,Procr,Psma3,Psmb8,Psmb9,Psme1,Psme2,Ripk2,Rnf31,Rsad2,Rtp4,Samd9l,Sell,Slc25a28,Sp110,Stat2,Tap1,Tdrd7,Tmem140,Trafd1,Trim12c,Trim14,Trim21,Trim25,Trim26,Txnip,Uba7,Ube2l6,Usp18
0,6079,72415,203,4858,11624,782,3409,2934,10365,114664,2495,788,3639,4833,412,41,1190,1269,4621,9072,1333,3533,829,8207,2349,5338,8460,2599,2959,600,5574,4411,4799,1870,10996,17551,283,11628,239,7173,6346,5662,4819,1693,1643,61150,3567,18302,1260,34530,1887,1713,376,2335,1904,8168,1286,697,4978,5099,10556,5005,4192,1642,817,5760,5477,2207,10358,6030,1033,2297,1018,3082,9416,3253,1218,2481,5134,4325,4504,4496,4293,4439,1813,1878,10135,4057,60078,3459,2362,1664
0,4525,55874,186,3245,7998,557,3185,2416,8951,89638,1590,567,2712,3842,224,20,501,698,3175,7116,757,2494,719,5743,1407,3813,6529,1956,1335,275,4048,3194,2909,1785,9840,14269,239,9850,213,5908,5133,2268,2981,823,1414,47392,2931,10385,816,27522,1513,1364,136,1798,1642,6737,574,260,3842,3675,8203,3473,3758,1237,641,4984,4152,1769,8623,4839,1014,1722,521,1757,5778,2177,1031,1894,3224,2999,3560,3713,3364,3428,1269,1508,7963,3153,51551,2238,2006,906
0,5991,59313,198,6270,7524,528,2576,2038,7303,77130,3877,525,2511,3535,1236,85,1685,1930,5805,6162,1259,5358,572,8728,3420,3316,5012,2578,6666,1039,6026,7821,9319,1441,7712,19231,183,7797,206,5304,4321,10717,4427,4103,1884,39543,2502,16917,851,37906,1848,1153,901,1992,1620,5593,1881,1206,4257,5089,12302,5246,3012,1531,501,4050,4558,1943,8029,4641,874,1804,2865,3949,8535,2095,833,2247,6073,4413,3882,3171,4488,4038,1559,1611,8544,3017,43487,3428,2991,3069
0,4569,41186,167,3369,6495,422,2056,2137,7096,48864,2623,524,2127,2956,508,35,950,916,3855,6352,681,3409,541,6072,1939,3275,3668,2068,2983,387,4648,4361,4587,1821,7008,13712,113,9516,212,5785,4158,4207,3454,1774,1522,38151,2259,12231,627,27155,1340,1124,394,1470,1351,5470,826,558,3250,3736,8360,3930,3070,1060,591,3780,3115,1236,6226,3750,671,1601,1435,2417,6563,2112,829,1530,4138,2692,3287,3527,2827,3242,1263,1280,7419,2930,40737,2292,2163,1551
0,3638,38418,160,2084,5551,409,2107,2667,8762,47217,1343,494,2437,2463,61,9,465,426,2501,7346,320,1867,626,6980,1367,2631,3453,1875,716,122,3588,2977,1943,1106,7834,10079,192,11332,194,6600,5009,1111,2440,561,1368,39095,2229,6156,620,22127,1205,1167,110,1723,1173,6208,216,137,2842,2952,7074,2795,2877,1021,648,4326,2714,1298,6340,3593,822,1760,341,1118,5738,2061,1009,1494,3242,1896,3447,4221,2595,2781,965,1183,7665,3302,53792,2214,1509,678
0,6339,87492,320,6887,12200,672,3548,3374,10743,122382,3028,693,3433,5379,514,28,751,1314,4926,8466,1016,3777,786,7688,2499,4684,7453,2903,3859,687,5435,4824,5732,2033,12898,23293,245,13130,290,8542,6221,8185,5103,2786,2347,62299,3881,20228,894,45305,1950,1830,463,2117,2026,8340,1498,711,4849,5469,10948,4911,4372,1566,1028,6253,5774,2612,10806,6366,1141,2359,1577,3274,7592,1948,1284,1978,6073,4128,4633,5736,4336,4382,1937,1854,11321,4237,63389,2958,3966,2017
2,6934,46009,672,8487,5074,529,1691,2221,5848,47921,7967,541,1986,2877,6364,823,1986,2119,6574,5220,1151,11439,368,9016,4840,2496,2872,2903,9820,985,7730,15086,16298,1233,5830,23677,198,6703,188,9397,4039,13499,5329,7947,2367,28208,2483,16000,385,39116,1911,1001,1600,1302,1950,4238,2018,2249,4246,6296,16606,6854,2272,1247,548,3447,6008,2547,8581,5154,747,2236,8478,5061,9327,1755,839,2762,8894,6500,3856,3538,5329,3900,1407,1961,7522,2730,30248,3686,4206,5196
2,6198,47202,1031,8762,5050,573,1593,2129,5433,44625,12469,428,1906,3037,13065,1839,1981,2580,7182,4522,1382,13707,170,8430,5904,1410,2464,2608,13345,1677,9528,27502,20584,1012,4890,21784,243,5496,109,10741,3657,19337,3872,10287,2784,19104,3063,17984,261,37852,2098,683,1827,1478,1963,3650,2674,4377,4315,6367,17492,7372,1535,1158,331,2632,6823,2764,7657,4871,593,1845,18288,5056,9518,2291,541,2779,9334,8743,3263,3150,6177,3061,1595,2095,6128,2233,19579,3566,4999,6848
2,15549,119203,2319,17222,11556,1602,4330,5706,13648,103297,27026,945,4861,7763,34378,7501,5966,5737,15278,11342,3757,26860,483,26726,14082,3601,5876,5787,27971,4482,20234,60644,35199,2657,10537,42050,731,13870,269,24513,8436,47923,9043,20946,6113,46194,5801,38193,883,82253,5379,1564,5071,3839,4263,8271,5393,11204,9490,14063,42255,15258,3692,2996,786,6080,12951,5516,15776,9733,1620,4133,51193,10781,25361,6324,1396,6460,22487,18677,7642,7067,15135,7301,3656,4690,16016,5239,52668,8960,8815,15137
4,10441,126062,1169,20650,9000,1188,3012,3619,8927,56940,13967,778,3044,5049,13955,3720,4898,4664,8265,7441,2409,17410,263,15708,9272,1385,4386,4602,21638,3231,14296,38803,28385,2155,9448,36534,353,8484,123,14032,5583,53134,6426,17632,4434,16213,3340,44425,562,72301,3755,1173,2894,1935,2941,5226,4949,8079,7040,9483,24174,10390,2680,1836,650,4337,11162,4799,11786,7437,965,2889,28169,8237,15691,5056,907,4492,15266,14586,5253,5054,10083,4790,2526,2871,11014,3412,31468,5525,7234,10888
4,16159,177075,1473,32972,12641,1559,4609,4626,13026,109166,18878,1444,4410,7439,18422,4801,6944,7414,15010,11278,3916,25060,469,25911,15496,4012,6746,7708,32157,4378,22591,50229,44645,4119,16174,61936,463,16963,233,18348,8333,75795,10874,28177,8484,43809,6195,63386,1034,113224,4880,1954,4484,2827,5496,9252,7843,9075,10769,15345,35690,15814,5100,3628,1244,8284,16602,6447,20165,12086,1629,4335,31602,12213,27387,6342,1624,7782,22271,19294,9570,6876,14600,7966,3691,4377,15601,5606,39829,9277,11388,16063
4,24851,265437,2962,49489,17702,2686,6539,9769,19979,156453,38735,1675,6596,12000,47601,10442,11506,11441,20741,16474,6462,42791,591,40482,25210,2664,11011,11487,54613,9020,32834,102585,68029,5635,19587,92514,897,17678,200,33542,12339,124604,14364,46880,11616,41567,7659,94764,1384,177792,8632,2690,8626,5228,6977,11548,12708,20928,16741,22094,64619,24636,5963,4492,1452,10051,27104,11337,27034,17125,2597,6585,80171,20037,41098,12072,2245,11206,36192,35761,12820,11984,26174,11002,5995,7319,27535,7909,72609,14142,17496,29277
6,13260,181782,4644,22378,14850,2098,4645,4633,13260,157405,13126,1039,5032,6272,17101,6580,4293,6027,10922,11061,3488,38519,582,16048,11439,4668,8998,6720,20205,3512,16054,45616,27779,4080,13633,48341,488,19701,282,38596,9975,45766,9457,19020,5935,46112,9358,46088,1017,97689,4516,2042,2230,2655,4868,10299,6318,6605,11287,13646,35574,17388,4427,2419,1222,8783,21307,10257,23374,15085,1632,4587,21671,11437,18514,7442,1788,7634,19181,30301,6966,9515,14728,7978,2663,4678,12629,5488,46077,9000,11212,10717
6,9757,157675,3796,20129,12555,1882,3226,3688,9088,85035,9194,650,3349,5771,20586,7195,3420,5279,6876,7154,2898,30857,219,13866,9408,1303,5888,5360,17815,4181,10563,40603,22538,2917,10239,39123,273,15972,74,31692,6817,47337,5905,16490,3983,10167,6599,40361,647,66154,3192,1460,2157,1733,3819,5644,4991,5420,8572,10357,28468,13109,3173,1776,753,6233,19357,7642,18088,12195,1258,3358,17236,9135,13698,4297,1319,6721,14710,27569,4398,8163,14286,4954,1790,3565,9321,3809,26399,7670,8412,8358
6,12397,201230,3835,22506,18350,2489,4517,4030,12126,137323,10907,865,4322,6643,17178,5884,3922,5818,8694,9744,3216,33377,456,15332,10726,2782,8603,5933,22595,4336,14533,38775,27010,3116,12747,45923,361,17630,128,32105,8374,53320,8043,16836,4710,30543,8830,53085,714,92216,3745,2151,1900,2538,4346,8416,6530,6223,9263,12502,31200,14926,4150,2112,1086,8052,22438,10005,21758,14339,1407,3940,18420,10081,14970,4976,1520,6611,16779,29618,5911,9488,14499,6664,2416,4061,12398,4896,39016,7440,10272,9786
