,Adar,B2m,Batf2,Bst2,C1s1,Casp1,Casp8,Ccrl2,Cd47,Cd74,Cmpk2,Cmtr1,Cnp,Csf1,Cxcl10,Cxcl11,Ddx60,Dhx58,Eif2ak2,Elf1,Epsti1,Gbp3,Gmpr,Helz2,Herc6,Ifi27,Ifi30,Ifi35,Ifi44,Ifi44l,Ifih1,Ifit2,Ifit3,Ifitm1,Ifitm2,Ifitm3,Il15,Il4ra,Il7,Irf1,Irf2,Irf7,Irf9,Isg15,Isg20,Lamp3,Lap3,Lgals3bp,Lpar6,Ly6e,Mov10,Mvb12a,Mx2,Ncoa7,Nmi,Nub1,Oas1a,Oasl1,Ogfr,Parp12,Parp14,Parp9,Plscr1,Pnpt1,Procr,Psma3,Psmb8,Psmb9,Psme1,Psme2,Ripk2,Rnf31,Rsad2,Rtp4,Samd9l,Sell,Slc25a28,Sp110,Stat2,Tap1,Tdrd7,Tmem140,Trafd1,Trim12c,Trim14,Trim21,Trim25,Trim26,Txnip,Uba7,Ube2l6,Usp18
0,3903,47358,162,2324,5323,373,2143,2653,9578,55395,1582,500,2577,2863,65,8,511,462,2483,8157,455,2250,659,6394,1246,2973,3585,1797,830,142,4043,3719,1949,1404,8510,11032,222,8953,240,5864,5523,1301,2773,508,1405,37678,2369,6509,684,21653,1240,1141,122,1910,1326,6960,290,181,2771,3541,8348,3118,3782,1165,635,4455,3198,1775,6711,3766,842,1638,369,1237,5855,2497,1033,1551,3204,2515,3294,4149,2868,3129,1092,1303,7930,2857,61163,2289,1434,836
0,3081,31670,152,1772,4195,280,1779,1790,7141,38157,1346,340,1850,2085,81,15,307,371,2103,5606,319,1747,585,4839,896,2359,2783,1438,722,75,2963,2684,1594,1343,6537,8538,205,7067,140,4097,4252,954,2037,467,1003,28045,1738,4818,510,17452,975,977,100,1458,988,5149,239,125,2233,2671,5950,2406,2648,834,447,3455,2495,1217,5216,2907,683,1286,223,900,4006,1691,899,1114,2280,1733,2587,3230,2242,2330,825,959,5578,2189,52819,1531,1184,602
0,6213,75911,274,4167,8480,781,3372,4039,14321,75018,2772,810,4725,3970,183,1,844,812,3843,12513,915,2956,1009,10915,2410,4907,6223,3043,1628,513,6008,6030,4264,2044,14967,20685,368,17938,300,11245,8601,3064,4309,1068,2449,39679,2998,10769,1185,37990,2084,2029,248,2326,2358,10702,720,570,4903,5213,12179,4795,5088,1676,1115,7098,5435,2608,11311,6095,1318,3040,877,2302,10369,7069,1711,2985,4934,4157,5239,7146,4471,4958,1879,1925,11605,5544,108341,4027,2558,1275
0,3920,37688,174,2156,5342,381,2089,2481,8206,45058,1312,544,2481,2350,95,5,519,464,2519,7532,354,1880,596,7030,1301,2581,3232,1726,803,104,3732,3227,1767,942,7778,10659,181,10478,198,6694,4680,1285,2579,510,1205,32946,2084,5986,702,20236,1141,1048,136,1607,1333,5829,271,162,2840,3105,7040,2780,2846,1039,517,4100,2915,1396,6229,3459,821,1752,497,1222,5909,3086,1040,1555,3145,2394,3114,3762,2822,2849,1167,1183,7280,3179,63385,2264,1627,675
0,2518,31660,127,1619,4243,172,1489,1934,6622,32235,874,276,1642,1450,70,16,166,202,1720,4868,217,1142,473,4122,842,2243,2597,1317,482,26,2543,2602,1603,874,7710,9470,118,8232,115,4429,3867,694,1650,362,1075,23690,1453,4258,377,15824,857,964,62,1093,911,4766,155,99,1985,2014,4938,1899,2055,599,515,3000,2028,1108,5054,2640,487,1213,209,670,2840,1130,693,862,1775,1493,2289,3383,1778,1843,549,752,4994,2211,58423,1308,1185,535
2,11717,84839,1137,10205,10720,944,3643,4557,14360,82337,12130,897,4176,6215,11134,1572,3238,2934,11074,12409,1544,16372,961,16482,7156,4946,5403,4558,10937,1360,14013,24518,20937,2948,13536,34046,451,15511,316,16790,8170,15635,8423,10128,3925,60407,5229,23181,935,58431,3245,1946,1895,3287,3487,10162,2443,3765,7276,10186,29876,10938,5696,2439,957,7878,9439,4587,14769,9002,1625,3553,14242,7753,16286,4471,1832,4078,13496,10293,7478,7213,8666,6975,2488,3446,15497,5202,79030,5619,6005,6802
2,15448,89165,1907,16477,12735,1298,4142,5536,13297,89005,28085,1201,4268,8820,37671,4264,5194,5609,18629,11917,2920,29019,664,24031,12726,4287,5205,6153,23405,3116,22473,59267,38780,3067,13030,45243,580,14098,298,26012,8659,29579,9744,21036,5746,54697,6392,31534,796,67663,4635,1799,4046,4034,4616,9119,4321,8408,9619,14431,46962,17062,4913,3191,900,7080,13616,5861,16732,11142,1935,4226,42019,11301,24542,5918,1683,5765,19505,16533,8578,7571,13247,7461,3171,5459,18213,5314,49856,7341,9588,13108
2,13727,92066,1190,15479,11444,1122,4559,5645,15166,80766,19325,1199,4354,7426,17903,2239,3934,4166,15954,13122,2491,21125,1011,18516,8952,5898,6172,5571,17190,1679,18206,42436,35447,3415,15466,42790,493,16977,433,20998,9662,23431,10027,17169,5664,74350,6277,32414,1022,70432,3733,2090,3136,3776,4368,10887,3471,5572,8994,12657,35027,14356,5941,3042,1163,8275,11277,4899,17568,10905,1828,4379,26296,9563,19121,3980,1924,5150,16244,12663,8748,8580,10689,8279,2829,4513,18560,6184,77068,6632,9197,11084
4,13689,147231,1571,24564,10062,1377,4128,5295,12780,62982,20250,941,3801,7887,24227,6375,6244,6061,11246,9691,3063,23517,412,20436,12683,2095,5124,6450,29224,4233,18836,58089,41294,3050,12592,51216,567,11384,149,18397,7194,68184,9104,23793,6934,31088,4696,51279,774,89109,4407,1629,4212,2980,4054,7614,6669,10633,9660,13466,34582,13450,3988,2251,981,6377,14715,5509,15752,10010,1461,3677,44754,11190,21833,6517,1161,6122,19123,18510,7940,7423,13923,7034,2927,4082,14600,4597,47019,8062,9997,15020
4,16595,179777,1766,25859,13093,1567,4727,6773,14361,64915,24752,1138,3515,9626,29812,5909,8947,7415,13652,10796,3323,24938,427,32409,15270,1694,5225,7249,35633,5441,23040,63334,37926,3788,17565,63139,649,16009,158,19605,8498,83578,10467,25380,7329,24255,4803,64583,972,106499,5076,1770,6048,3617,4347,7232,7718,13383,10951,15185,43263,15330,4580,3307,869,7359,16226,5998,16932,10570,1633,4454,56321,13094,26628,7442,1623,7164,24874,22027,8776,7105,16277,7562,3548,4694,18166,5166,47608,9924,10224,16951
4,13913,172820,2232,29247,11242,1613,3983,5403,11919,59101,23282,995,3596,8253,29863,7693,6107,6807,12113,8268,3617,24885,222,23231,12384,1050,5468,6760,33433,5657,19600,62227,39063,2932,15244,60037,530,12452,153,20009,6848,83065,8486,28536,7039,17510,4832,63281,604,104799,5855,1527,5064,3037,4408,5982,8111,13752,9984,13489,35929,13771,3229,2554,877,6087,16827,6351,17069,10790,1367,3708,51682,11205,21000,6494,1118,6792,20638,21731,7272,6445,15462,5639,3115,4320,13859,4299,30053,8187,10590,16294
6,6233,87199,2347,9361,6552,863,1871,3014,5615,33147,9952,447,1709,4184,17333,3516,2979,3423,5233,4861,1464,17448,129,11265,8028,687,2306,3451,15257,2308,9619,42385,18694,1487,6665,27082,179,8603,84,19151,3856,26312,3780,10912,2703,8616,3616,24494,381,36741,2049,801,2052,1338,2393,3187,2915,4475,4498,7576,20903,8623,1749,1408,427,3640,8679,3222,8567,5522,820,2043,18117,5657,12426,2924,687,3654,10448,14646,2910,4150,8063,3152,1095,2255,6093,2468,12024,4618,4813,6731
6,14007,176255,4894,30442,13094,2190,5298,6718,12659,61564,25027,1029,4155,10102,45289,10650,6005,8733,12656,9312,3732,40862,227,21922,15558,1545,5216,8706,35319,5071,22469,97838,42140,3755,16643,63453,469,19848,146,44309,9082,78482,8521,36333,8325,14436,8051,62487,762,93633,5064,1965,5141,3213,5759,7490,8078,14238,13215,16143,41112,18904,4608,3009,1126,8624,23431,8580,22928,15536,1846,4639,59905,13593,24756,6158,1530,9100,22589,33063,7603,9550,20504,7185,2757,5571,14565,5427,26163,9534,12600,16881
6,13618,200547,5647,27778,13129,2667,5589,5993,11727,63371,19645,968,4517,8696,44017,12360,5452,9338,11107,8424,4676,37533,158,19827,13857,937,5834,7923,32476,5332,19830,85025,38448,4538,18519,61821,462,22855,97,43400,9510,84878,7903,31983,8011,6494,7917,69135,715,99409,5290,2059,3822,3004,6219,7173,8359,14978,13284,15469,37731,17528,4666,3002,1026,7600,24682,8499,22532,16153,1714,4138,53424,12857,21430,7398,1480,10366,21149,33932,6902,9394,21365,5421,2664,4797,13616,5008,25292,8817,12388,14098
