,Bst2,Ifit2,Ifit3,Ifitm3,Isg15,Rsad2,Trim21,Trim25
0,2324,3719,1949,11032,508,369,1303,7930
0,1772,2684,1594,8538,467,223,959,5578
0,4167,6030,4264,20685,1068,877,1925,11605
0,2156,3227,1767,10659,510,497,1183,7280
0,1619,2602,1603,9470,362,209,752,4994
2,10205,24518,20937,34046,10128,14242,3446,15497
2,16477,59267,38780,45243,21036,42019,5459,18213
2,15479,42436,35447,42790,17169,26296,4513,18560
4,24564,58089,41294,51216,23793,44754,4082,14600
4,25859,63334,37926,63139,25380,56321,4694,18166
4,29247,62227,39063,60037,28536,51682,4320,13859
6,9361,42385,18694,27082,10912,18117,2255,6093
6,30442,97838,42140,63453,36333,59905,5571,14565
6,27778,85025,38448,61821,31983,53424,4797,13616
