,Bst2,Ifit2,Ifit3,Ifitm3,Isg15,Rsad2,Trim21,Trim25
0,4858,4411,4799,17551,1693,1018,1878,10135
0,3245,3194,2909,14269,823,521,1508,7963
0,6270,7821,9319,19231,4103,2865,1611,8544
0,3369,4361,4587,13712,1774,1435,1280,7419
0,2084,2977,1943,10079,561,341,1183,7665
0,6887,4824,5732,23293,2786,1577,1854,11321
2,8487,15086,16298,23677,7947,8478,1961,7522
2,8762,27502,20584,21784,10287,18288,2095,6128
2,17222,60644,35199,42050,20946,51193,4690,16016
4,20650,38803,28385,36534,17632,28169,2871,11014
4,32972,50229,44645,61936,28177,31602,4377,15601
4,49489,102585,68029,92514,46880,80171,7319,27535
6,22378,45616,27779,48341,19020,21671,4678,12629
6,20129,40603,22538,39123,16490,17236,3565,9321
6,22506,38775,27010,45923,16836,18420,4061,12398
