,Day,Cluster_9_Expression
0,0,28
1,0,33
2,0,47
3,0,25
4,0,14
5,2,360
6,2,774
7,2,451
8,4,538
9,4,666
10,4,573
11,6,1144
12,6,2413
13,6,2597
14,0,1
15,0,8
16,0,18
17,0,8
18,0,1
19,2,393
20,2,972
21,2,698
22,4,655
23,4,1314
24,4,905
25,6,988
26,6,1364
27,6,1058
28,0,9
29,0,1
30,0,17
31,0,4
32,0,9
33,2,265
34,2,445
35,2,318
36,4,625
37,4,755
38,4,726
39,6,401
40,6,1203
41,6,1407
42,0,34
43,0,17
44,0,42
45,0,33
46,0,48
47,2,133
48,2,440
49,2,311
50,4,166
51,4,311
52,4,232
53,6,107
54,6,314
55,6,249
56,0,10
57,0,8
58,0,39
59,0,23
60,0,4
61,2,38
62,2,155
63,2,60
64,4,298
65,4,222
66,4,439
67,6,105
68,6,297
69,6,502
