,Day,Cluster_0_Expression
0,0,203
1,0,186
2,0,198
3,0,167
4,0,160
5,0,320
6,2,672
7,2,1031
8,2,2319
9,4,1169
10,4,1473
11,4,2962
12,6,4644
13,6,3796
14,6,3835
15,0,412
16,0,224
17,0,1236
18,0,508
19,0,61
20,0,514
21,2,6364
22,2,13065
23,2,34378
24,4,13955
25,4,18422
26,4,47601
27,6,17101
28,6,20586
29,6,17178
30,0,1190
31,0,501
32,0,1685
33,0,950
34,0,465
35,0,751
36,2,1986
37,2,1981
38,2,5966
39,4,4898
40,4,6944
41,4,11506
42,6,4293
43,6,3420
44,6,3922
45,0,1269
46,0,698
47,0,1930
48,0,916
49,0,426
50,0,1314
51,2,2119
52,2,2580
53,2,5737
54,4,4664
55,4,7414
56,4,11441
57,6,6027
58,6,5279
59,6,5818
60,0,1333
61,0,757
62,0,1259
63,0,681
64,0,320
65,0,1016
66,2,1151
67,2,1382
68,2,3757
69,4,2409
70,4,3916
71,4,6462
72,6,3488
73,6,2898
74,6,3216
75,0,1327
76,0,685
77,0,1507
78,0,684
79,0,259
80,0,1495
81,2,1236
82,2,2181
83,2,5798
84,4,7020
85,4,7342
86,4,15321
87,6,7802
88,6,10903
89,6,11105
90,0,600
91,0,275
92,0,1039
93,0,387
94,0,122
95,0,687
96,2,985
97,2,1677
98,2,4482
99,4,3231
100,4,4378
101,4,9020
102,6,3512
103,6,4181
104,6,4336
105,0,680
106,0,620
107,0,696
108,0,483
109,0,348
110,0,740
111,2,1499
112,2,1786
113,2,3832
114,4,4828
115,4,6394
116,4,10221
117,6,8353
118,6,8743
119,6,10221
120,0,376
121,0,136
122,0,901
123,0,394
124,0,110
125,0,463
126,2,1600
127,2,1827
128,2,5071
129,4,2894
130,4,4484
131,4,8626
132,6,2230
133,6,2157
134,6,1900
135,0,1325
136,0,867
137,0,1366
138,0,729
139,0,705
140,0,957
141,2,2862
142,2,2971
143,2,8727
144,4,4533
145,4,6610
146,4,11828
147,6,9283
148,6,9168
149,6,7936
150,0,1286
151,0,574
152,0,1881
153,0,826
154,0,216
155,0,1498
156,2,2018
157,2,2674
158,2,5393
159,4,4949
160,4,7843
161,4,12708
162,6,6318
163,6,4991
164,6,6530
165,0,807
166,0,315
167,0,1414
168,0,564
169,0,129
170,0,767
171,2,1251
172,2,1333
173,2,5518
174,4,2982
175,4,5659
176,4,10064
177,6,3666
178,6,3731
179,6,3017
180,0,1103
181,0,429
182,0,2085
183,0,888
184,0,251
185,0,1284
186,2,2422
187,2,4096
188,2,10703
189,4,10244
190,4,12593
191,4,25123
192,6,8966
193,6,7656
194,6,9820
195,0,697
196,0,260
197,0,1206
198,0,558
199,0,137
200,0,711
201,2,2249
202,2,4377
203,2,11204
204,4,8079
205,4,9075
206,4,20928
207,6,6605
208,6,5420
209,6,6223
210,0,656
211,0,368
212,0,460
213,0,237
214,0,262
215,0,381
216,2,318
217,2,564
218,2,2279
219,4,2565
220,4,2540
221,4,5280
222,6,2410
223,6,2919
224,6,3256
225,0,501
226,0,225
227,0,311
228,0,279
229,0,173
230,0,338
231,2,737
232,2,1316
233,2,3602
234,4,1624
235,4,1952
236,4,4460
237,6,4538
238,6,4294
239,6,4019
240,0,1664
241,0,906
242,0,3069
243,0,1551
244,0,678
245,0,2017
246,2,5196
247,2,6848
248,2,15137
249,4,10888
250,4,16063
251,4,29277
252,6,10717
253,6,8358
254,6,9786
255,0,1330
256,0,721
257,0,2708
258,0,1035
259,0,316
260,0,1674
261,2,4633
262,2,6910
263,2,16581
264,4,12907
265,4,20009
266,4,33769
267,6,19378
268,6,18312
269,6,20340
