,Day,Cluster_7_Expression
0,0,72415
1,0,55874
2,0,59313
3,0,41186
4,0,38418
5,0,87492
6,2,46009
7,2,47202
8,2,119203
9,4,126062
10,4,177075
11,4,265437
12,6,181782
13,6,157675
14,6,201230
15,0,114664
16,0,89638
17,0,77130
18,0,48864
19,0,47217
20,0,122382
21,2,47921
22,2,44625
23,2,103297
24,4,56940
25,4,109166
26,4,156453
27,6,157405
28,6,85035
29,6,137323
30,0,24538
31,0,18734
32,0,16694
33,0,20079
34,0,23313
35,0,24690
36,2,12046
37,2,8267
38,2,23266
39,4,11442
40,4,19211
41,4,24051
42,6,21707
43,6,10209
44,6,20707
45,0,32777
46,0,27446
47,0,21442
48,0,21598
49,0,24453
50,0,37337
51,2,20508
52,2,17216
53,2,38954
54,4,26813
55,4,51776
56,4,65101
57,6,50954
58,6,31046
59,6,42860
60,0,17551
61,0,14269
62,0,19231
63,0,13712
64,0,10079
65,0,23293
66,2,23677
67,2,21784
68,2,42050
69,4,36534
70,4,61936
71,4,92514
72,6,48341
73,6,39123
74,6,45923
75,0,61150
76,0,47392
77,0,39543
78,0,38151
79,0,39095
80,0,62299
81,2,28208
82,2,19104
83,2,46194
84,4,16213
85,4,43809
86,4,41567
87,6,46112
88,6,10167
89,6,30543
90,0,18302
91,0,10385
92,0,16917
93,0,12231
94,0,6156
95,0,20228
96,2,16000
97,2,17984
98,2,38193
99,4,44425
100,4,63386
101,4,94764
102,6,46088
103,6,40361
104,6,53085
105,0,34530
106,0,27522
107,0,37906
108,0,27155
109,0,22127
110,0,45305
111,2,39116
112,2,37852
113,2,82253
114,4,72301
115,4,113224
116,4,177792
117,6,97689
118,6,66154
119,6,92216
120,0,18062
121,0,14057
122,0,13739
123,0,13464
124,0,14242
125,0,16978
126,2,18161
127,2,20890
128,2,47818
129,4,27412
130,4,40799
131,4,65141
132,6,63271
133,6,51244
134,6,55438
135,0,27820
136,0,20922
137,0,18947
138,0,19457
139,0,18879
140,0,29804
141,2,14308
142,2,13558
143,2,31098
144,4,35423
145,4,48296
146,4,68652
147,6,44146
148,6,46262
149,6,57533
150,0,12445
151,0,8330
152,0,14792
153,0,9738
154,0,6880
155,0,12480
156,2,25558
157,2,28247
158,2,55555
159,4,39263
160,4,54788
161,4,92195
162,6,68521
163,6,47807
164,6,61088
165,0,19797
166,0,14998
167,0,15151
168,0,12709
169,0,12690
170,0,20865
171,2,16585
172,2,17161
173,2,36073
174,4,28043
175,4,41898
176,4,64923
177,6,49237
178,6,38090
179,6,45219
180,0,60078
181,0,51551
182,0,43487
183,0,40737
184,0,53792
185,0,63389
186,2,30248
187,2,19579
188,2,52668
189,4,31468
190,4,39829
191,4,72609
192,6,46077
193,6,26399
194,6,39016
