,Day,Cluster_3_Expression
0,0,6079
1,0,4525
2,0,5991
3,0,4569
4,0,3638
5,0,6339
6,2,6934
7,2,6198
8,2,15549
9,4,10441
10,4,16159
11,4,24851
12,6,13260
13,6,9757
14,6,12397
15,0,5684
16,0,4515
17,0,3728
18,0,3827
19,0,5085
20,0,5008
21,2,2772
22,2,1910
23,2,4878
24,4,3509
25,4,5612
26,4,7860
27,6,5445
28,6,3252
29,6,4298
30,0,10365
31,0,8951
32,0,7303
33,0,7096
34,0,8762
35,0,10743
36,2,5848
37,2,5433
38,2,13648
39,4,8927
40,4,13026
41,4,19979
42,6,13260
43,6,9088
44,6,12126
45,0,3314
46,0,3728
47,0,2927
48,0,3151
49,0,3526
50,0,7540
51,2,3726
52,2,3190
53,2,7943
54,4,6745
55,4,10609
56,4,15982
57,6,13852
58,6,12838
59,6,16875
60,0,4833
61,0,3842
62,0,3535
63,0,2956
64,0,2463
65,0,5379
66,2,2877
67,2,3037
68,2,7763
69,4,5049
70,4,7439
71,4,12000
72,6,6272
73,6,5771
74,6,6643
75,0,4621
76,0,3175
77,0,5805
78,0,3855
79,0,2501
80,0,4926
81,2,6574
82,2,7182
83,2,15278
84,4,8265
85,4,15010
86,4,20741
87,6,10922
88,6,6876
89,6,8694
90,0,9072
91,0,7116
92,0,6162
93,0,6352
94,0,7346
95,0,8466
96,2,5220
97,2,4522
98,2,11342
99,4,7441
100,4,11278
101,4,16474
102,6,11061
103,6,7154
104,6,9744
105,0,2349
106,0,1407
107,0,3420
108,0,1939
109,0,1367
110,0,2499
111,2,4840
112,2,5904
113,2,14082
114,4,9272
115,4,15496
116,4,25210
117,6,11439
118,6,9408
119,6,10726
120,0,8460
121,0,6529
122,0,5012
123,0,3668
124,0,3453
125,0,7453
126,2,2872
127,2,2464
128,2,5876
129,4,4386
130,4,6746
131,4,11011
132,6,8998
133,6,5888
134,6,8603
135,0,6745
136,0,5455
137,0,4367
138,0,3674
139,0,3805
140,0,6528
141,2,2747
142,2,2389
143,2,5841
144,4,4695
145,4,7540
146,4,10722
147,6,7592
148,6,5528
149,6,6808
150,0,6346
151,0,5133
152,0,4321
153,0,4158
154,0,5009
155,0,6221
156,2,4039
157,2,3657
158,2,8436
159,4,5583
160,4,8333
161,4,12339
162,6,9975
163,6,6817
164,6,8374
165,0,5015
166,0,3657
167,0,3209
168,0,2523
169,0,2529
170,0,4217
171,2,2459
172,2,2938
173,2,8020
174,4,6540
175,4,7573
176,4,14068
177,6,12233
178,6,12285
179,6,13431
180,0,4819
181,0,2981
182,0,4427
183,0,3454
184,0,2440
185,0,5103
186,2,5329
187,2,3872
188,2,9043
189,4,6426
190,4,10874
191,4,14364
192,6,9457
193,6,5905
194,6,8043
195,0,5082
196,0,4078
197,0,4017
198,0,3791
199,0,4525
200,0,5659
201,2,2743
202,2,2044
203,2,5348
204,4,2839
205,4,4655
206,4,5236
207,6,5231
208,6,2409
209,6,4400
210,0,8114
211,0,6066
212,0,5194
213,0,5051
214,0,5713
215,0,7156
216,2,3988
217,2,3551
218,2,10533
219,4,7070
220,4,10278
221,4,13966
222,6,11998
223,6,8294
224,6,10171
225,0,3567
226,0,2931
227,0,2502
228,0,2259
229,0,2229
230,0,3881
231,2,2483
232,2,3063
233,2,5801
234,4,3340
235,4,6195
236,4,7659
237,6,9358
238,6,6599
239,6,8830
240,0,12443
241,0,11474
242,0,9671
243,0,10429
244,0,13862
245,0,14900
246,2,6993
247,2,4729
248,2,13024
249,4,7051
250,4,13422
251,4,14661
252,6,12507
253,6,6502
254,6,10315
255,0,8233
256,0,7208
257,0,5391
258,0,5255
259,0,5633
260,0,8654
261,2,5068
262,2,4530
263,2,10163
264,4,7167
265,4,12792
266,4,16778
267,6,14072
268,6,10164
269,6,12859
270,0,3190
271,0,2463
272,0,2089
273,0,2166
274,0,1976
275,0,3501
276,2,2397
277,2,2594
278,2,6233
279,4,3721
280,4,6595
281,4,10516
282,6,7949
283,6,6446
284,6,6848
285,0,7336
286,0,5687
287,0,4609
288,0,4783
289,0,6587
290,0,7715
291,2,3350
292,2,2598
293,2,7359
294,4,5286
295,4,7552
296,4,10649
297,6,7526
298,6,5444
299,6,7241
300,0,12441
301,0,10371
302,0,8430
303,0,8241
304,0,9063
305,0,12175
306,2,6167
307,2,4836
308,2,13553
309,4,8337
310,4,14098
311,4,18532
312,6,13560
313,6,8397
314,6,10868
315,0,4517
316,0,3515
317,0,3080
318,0,3172
319,0,3758
320,0,4744
321,2,2711
322,2,2352
323,2,6513
324,4,3934
325,4,5667
326,4,8754
327,6,7184
328,6,5344
329,6,5605
330,0,8168
331,0,6737
332,0,5593
333,0,5470
334,0,6208
335,0,8340
336,2,4238
337,2,3650
338,2,8271
339,4,5226
340,4,9252
341,4,11548
342,6,10299
343,6,5644
344,6,8416
345,0,4978
346,0,3842
347,0,4257
348,0,3250
349,0,2842
350,0,4849
351,2,4246
352,2,4315
353,2,9490
354,4,7040
355,4,10769
356,4,16741
357,6,11287
358,6,8572
359,6,9263
360,0,5099
361,0,3675
362,0,5089
363,0,3736
364,0,2952
365,0,5469
366,2,6296
367,2,6367
368,2,14063
369,4,9483
370,4,15345
371,4,22094
372,6,13646
373,6,10357
374,6,12502
375,0,7377
376,0,6842
377,0,6060
378,0,7212
379,0,9649
380,0,12683
381,2,7876
382,2,4641
383,2,12428
384,4,6866
385,4,8758
386,4,27112
387,6,9377
388,6,6275
389,6,8877
390,0,4785
391,0,4417
392,0,3783
393,0,3083
394,0,3922
395,0,4566
396,2,2808
397,2,2764
398,2,7692
399,4,4273
400,4,6241
401,4,10245
402,6,6527
403,6,4739
404,6,6239
405,0,3992
406,0,3162
407,0,2727
408,0,3047
409,0,3344
410,0,4054
411,2,2425
412,2,1966
413,2,5192
414,4,3242
415,4,5451
416,4,6444
417,6,7095
418,6,4813
419,6,6255
420,0,3883
421,0,2915
422,0,3866
423,0,2836
424,0,2466
425,0,3813
426,2,4394
427,2,4859
428,2,11333
429,4,7011
430,4,10673
431,4,17717
432,6,8962
433,6,6946
434,6,8031
435,0,3742
436,0,3299
437,0,3232
438,0,2577
439,0,2552
440,0,4403
441,2,3321
442,2,3789
443,2,8586
444,4,5700
445,4,7908
446,4,14004
447,6,10084
448,6,7931
449,6,9472
450,0,5903
451,0,5112
452,0,3976
453,0,3425
454,0,3810
455,0,6082
456,2,3023
457,2,2243
458,2,5475
459,4,4181
460,4,7067
461,4,8664
462,6,8016
463,6,6071
464,6,7762
465,0,5760
466,0,4984
467,0,4050
468,0,3780
469,0,4326
470,0,6253
471,2,3447
472,2,2632
473,2,6080
474,4,4337
475,4,8284
476,4,10051
477,6,8783
478,6,6233
479,6,8052
480,0,3696
481,0,3116
482,0,2999
483,0,2662
484,0,2382
485,0,4146
486,2,4182
487,2,4118
488,2,8359
489,4,6384
490,4,9780
491,4,14481
492,6,13111
493,6,10788
494,6,12354
495,0,5477
496,0,4152
497,0,4558
498,0,3115
499,0,2714
500,0,5774
501,2,6008
502,2,6823
503,2,12951
504,4,11162
505,4,16602
506,4,27104
507,6,21307
508,6,19357
509,6,22438
510,0,10358
511,0,8623
512,0,8029
513,0,6226
514,0,6340
515,0,10806
516,2,8581
517,2,7657
518,2,15776
519,4,11786
520,4,20165
521,4,27034
522,6,23374
523,6,18088
524,6,21758
525,0,6030
526,0,4839
527,0,4641
528,0,3750
529,0,3593
530,0,6366
531,2,5154
532,2,4871
533,2,9733
534,4,7437
535,4,12086
536,4,17125
537,6,15085
538,6,12195
539,6,14339
540,0,8080
541,0,6156
542,0,4943
543,0,5132
544,0,6172
545,0,8365
546,2,4422
547,2,4046
548,2,10285
549,4,7178
550,4,11492
551,4,15973
552,6,14785
553,6,10387
554,6,12996
555,0,6560
556,0,4154
557,0,3689
558,0,3113
559,0,2827
560,0,4663
561,2,2421
562,2,2813
563,2,7056
564,4,6649
565,4,8963
566,4,14864
567,6,9759
568,6,8288
569,6,9907
570,0,6533
571,0,5001
572,0,4401
573,0,4350
574,0,5370
575,0,5259
576,2,2996
577,2,1998
578,2,6305
579,4,3480
580,4,6115
581,4,7669
582,6,6615
583,6,3853
584,6,5236
585,0,6424
586,0,5007
587,0,4258
588,0,3893
589,0,4484
590,0,5929
591,2,3036
592,2,2252
593,2,5978
594,4,3953
595,4,6969
596,4,8498
597,6,7637
598,6,4975
599,6,6670
600,0,4183
601,0,3572
602,0,2907
603,0,2963
604,0,3374
605,0,4564
606,2,2298
607,2,2180
608,2,5530
609,4,3406
610,4,5214
611,4,7086
612,6,6777
613,6,4470
614,6,5799
615,0,3356
616,0,2271
617,0,1950
618,0,1762
619,0,1899
620,0,2547
621,2,2913
622,2,3556
623,2,9745
624,4,5513
625,4,9356
626,4,16992
627,6,13741
628,6,13834
629,6,12638
630,0,7077
631,0,6553
632,0,5427
633,0,4943
634,0,5185
635,0,8568
636,2,4102
637,2,3636
638,2,8453
639,4,6168
640,4,10564
641,4,14959
642,6,9673
643,6,8621
644,6,10040
645,0,8321
646,0,8230
647,0,6215
648,0,6351
649,0,7006
650,0,10407
651,2,4186
652,2,2928
653,2,7294
654,4,4275
655,4,8297
656,4,9552
657,6,9501
658,6,4595
659,6,7315
660,0,7750
661,0,7164
662,0,6843
663,0,4178
664,0,5327
665,0,5360
666,2,2176
667,2,1539
668,2,4994
669,4,3542
670,4,4460
671,4,6831
672,6,4669
673,6,2163
674,6,3309
675,0,15908
676,0,12525
677,0,10044
678,0,10689
679,0,12146
680,0,17129
681,2,9662
682,2,8642
683,2,21504
684,4,13058
685,4,23410
686,4,31413
687,6,25941
688,6,17971
689,6,22692
690,0,4504
691,0,3560
692,0,3882
693,0,3287
694,0,3447
695,0,4633
696,2,3856
697,2,3263
698,2,7642
699,4,5253
700,4,9570
701,4,12820
702,6,6966
703,6,4398
704,6,5911
705,0,4496
706,0,3713
707,0,3171
708,0,3527
709,0,4221
710,0,5736
711,2,3538
712,2,3150
713,2,7067
714,4,5054
715,4,6876
716,4,11984
717,6,9515
718,6,8163
719,6,9488
720,0,4011
721,0,2309
722,0,2032
723,0,2343
724,0,2146
725,0,3495
726,2,3012
727,2,3199
728,2,8454
729,4,4947
730,4,7390
731,4,12954
732,6,8763
733,6,7968
734,6,8672
735,0,4293
736,0,3364
737,0,4488
738,0,2827
739,0,2595
740,0,4336
741,2,5329
742,2,6177
743,2,15135
744,4,10083
745,4,14600
746,4,26174
747,6,14728
748,6,14286
749,6,14499
750,0,4439
751,0,3428
752,0,4038
753,0,3242
754,0,2781
755,0,4382
756,2,3900
757,2,3061
758,2,7301
759,4,4790
760,4,7966
761,4,11002
762,6,7978
763,6,4954
764,6,6664
765,0,4057
766,0,3153
767,0,3017
768,0,2930
769,0,3302
770,0,4237
771,2,2730
772,2,2233
773,2,5239
774,4,3412
775,4,5606
776,4,7909
777,6,5488
778,6,3809
779,6,4896
780,0,3459
781,0,2238
782,0,3428
783,0,2292
784,0,2214
785,0,2958
786,2,3686
787,2,3566
788,2,8960
789,4,5525
790,4,9277
791,4,14142
792,6,9000
793,6,7670
794,6,7440
795,0,2362
796,0,2006
797,0,2991
798,0,2163
799,0,1509
800,0,3966
801,2,4206
802,2,4999
803,2,8815
804,4,7234
805,4,11388
806,4,17496
807,6,11212
808,6,8412
809,6,10272
810,0,9666
811,0,9175
812,0,6477
813,0,6191
814,0,7416
815,0,10922
816,2,5326
817,2,3507
818,2,7734
819,4,5658
820,4,8813
821,4,13163
822,6,11050
823,6,5807
824,6,9969
